11111111111111111111111111111111
10000000011000000000000000000001
10000011011000000000000000000001
10000011000000001111110000000001
10000000000000000000010000000001
10000000111000000000011111000001
10100001110000000000000001000001
11100000010000011100000001000001
10100000000000010100000001000001
10000000000000011100000001111111
11000010000000000000000001100001
10000000111000000000000000000001
10000000101000000001000000000111
10000100111000000011100000000111
10000100000000000001000000000001
10111111100001000000000000000001
10000100000001100001100000000001
10010101000000100001110000010101
10010101000011100001011111111111
10010101000000000000000000001001
10000000000000000000000000001001
10000000111111110000000111001001
10000000111000010000000011111001
10000000000000110000000000000001
10000000000000000000000000000001
10000111111111111111111000000001
10000100000000000010000000000001
10000100000000000011111111000001
10000101111110000000000001000001
10000111100011100000000001000001
10000000000000000000000011100001
11111111111111111111111111111111