11111111111111111111111111111111
10000000000000001000000000000001
10101000000000001000000000001101
10000000000100000000000010000101
10101000000100000000000010000001
10000000000000001000000110000001
10000000000000001000111110000001
10000001101100000000001111110001
10000001000100001000000110000001
10000000010000001000000100000001
10000001000100001000000100000001
10000001101100001011000000111111
10000000000000001011100000000001
10000000000000011011100000000001
10000000000000011000000000000001
10111110111111111110000000000001
10000000000001111111111101111101
10000000000000011000000000000001
10000000000111011000000000000001
10000000000111010000000000000001
11111100000011010000110110000001
10000000100000010000100010000001
10000000100000010000001000000001
10000001100000010000100010000001
10001111110000000000110110000001
10000011111100010000000000000001
10000001100000010000000000000001
10000001000000000000100000010101
10100001000000000000100000000001
10110000000000010000000000010101
10000000000000010000000000000001
11111111111111111111111111111111